[0.8552    , 0.7796    , 0.6896    , 0.6436    , 0.7528    , 0.59760004,
 0.65119994, 0.6592    , 0.73240006, 0.926     , 0.7812    , 0.86239994,
 0.8356    , 0.9040001 , 0.83479995, 0.8403999 , 0.7432    , 0.83760005,
 0.77320004, 0.8644    , 0.77279997, 0.67480004, 0.83959997, 0.7968    ,
 0.9376    , 0.87799996, 0.4908    , 0.6972    , 0.7712    , 0.7432    ,
 0.7028    , 0.7376    , 0.3732    , 0.59239995, 0.53639996, 0.44960004,
 0.4732    , 0.74039996, 0.67279994, 0.7036    , 0.4608    , 0.76600003,
 0.63      , 0.70159996, 0.5284    , 0.65360004, 0.3928    , 0.7044    ,
 0.79560006, 0.5472    , 0.6416    , 0.7688    , 0.5852    , 0.73039997,
 0.4508    , 0.5432    , 0.7524    , 0.7568    , 0.5296    , 0.50600004,
 0.2628    , 0.6592    , 0.3512    , 0.73719996, 0.53760004, 0.592     ,
 0.452     , 0.57280004, 0.2772    , 0.88240004, 0.7736    , 0.80480003,
 0.8332    , 0.3516    , 0.54280007, 0.7472    , 0.8504    , 0.594     ,
 0.6692    , 0.67080003, 0.8352    , 0.75039995, 0.7604    , 0.8748    ,
 0.84159994, 0.86639994, 0.6084    , 0.90320003, 0.8592    , 0.81759995,
 0.93359995, 0.8144    , 0.8996    , 0.7416    , 0.8632    , 0.8936    ,
 0.8312    , 0.75759995, 0.798     , 0.67719996, 0.9139999 , 0.5308    ,
 0.936     , 0.6112    , 0.68200004, 0.78479993, 0.5488    , 0.78639996,
 0.5948    , 0.8196    , 0.69200003, 0.7708    , 0.59639996, 0.7092    ,
 0.5808    , 0.6616    , 0.6872    , 0.76280004, 0.64040005, 0.4836    ,
 0.554     , 0.702     , 0.6648    , 0.706     , 0.41599998, 0.69560003,
 0.52919996, 0.80079997, 0.6448    , 0.9063999 , 0.90559995, 0.8188    ,
 0.8160001 , 0.81479996, 0.5852    , 0.936     , 0.87719995, 0.7924    ,
 0.88199997, 0.94119996, 0.76559997, 0.846     , 0.7624    , 0.8236    ,
 0.82919997, 0.86919993, 0.78319997, 0.7948    , 0.8728    , 0.77919996,
 0.6596    , 0.5256001 , 0.686     , 0.6908001 , 0.71800005, 0.6004    ,
 0.8332001 , 0.8524    , 0.41800004, 0.5948    , 0.81000006, 0.6476    ,
 0.6896    , 0.37200004, 0.702     , 0.3632    , 0.50039995, 0.21919999,
 0.5464    , 0.7316    , 0.448     , 0.7128    , 0.65559995, 0.56479996,
 0.754     , 0.44559997, 0.65279996, 0.7072    , 0.8288    , 0.5184    ,
 0.43400002, 0.75719994, 0.712     , 0.64839995, 0.5596    , 0.58760005,
 0.57799995, 0.5304    , 0.5396    , 0.52160007, 0.6696    , 0.68720007,
 0.63240004, 0.4296    , 0.64599997, 0.8248    , 0.576     , 0.5988    ,
 0.662     , 0.62839997, 0.51919997, 0.5404    , 0.5536    , 0.79999995,
 0.5063999 , 0.6668    , 0.6428    , 0.68639994, 0.6084    , 0.6272    ,
 0.69920003, 0.5984    , 0.55039996, 0.6984    , 0.6736    , 0.694     ,
 0.8019999 , 0.7708    , 0.702     , 0.6276    , 0.5588    , 0.67719996,
 0.5448    , 0.7016    , 0.5912    , 0.7532    , 0.4316    , 0.5372    ,
 0.76879996, 0.70879996, 0.5784    , 0.50439996, 0.6564    , 0.5348    ,
 0.7188    , 0.6564    , 0.57720006, 0.6052    , 0.51      , 0.778     ,
 0.2676    , 0.542     , 0.6112    , 0.6828    , 0.82320005, 0.726     ,
 0.4184    , 0.79280007, 0.3976    , 0.63      , 0.4336    , 0.9024    ,
 0.7044    , 0.7588    , 0.8484    , 0.93320006, 0.5888001 , 0.6064    ,
 0.84839994, 0.85840005, 0.80079997, 0.76719993, 0.7632    , 0.71639997,
 0.5644    , 0.3472    , 0.3912    , 0.658     , 0.744     , 0.60440004,
 0.7632    , 0.48639998, 0.49839997, 0.61120003, 0.7684    , 0.9288    ,
 0.77919996, 0.5128    , 0.5428    , 0.8176001 , 0.6536    , 0.51879996,
 0.22160001, 0.80799997, 0.85719997, 0.3996    , 0.8296    , 0.638     ,
 0.6892    , 0.7652    , 0.7032    , 0.8468    , 0.81560004, 0.8524    ,
 0.85480005, 0.68279994, 0.7648001 , 0.60679996, 0.60760003, 0.7664    ,
 0.8476    , 0.7752    , 0.5452    , 0.56920004, 0.4976    , 0.69280005,
 0.732     , 0.7636    , 0.718     , 0.6608    , 0.5896    , 0.53080004,
 0.4376    , 0.5948    , 0.5816    , 0.5876    , 0.80200005, 0.7972    ,
 0.7264    , 0.6564    , 0.81000006, 0.9136001 , 0.844     , 0.9       ,
 0.85440004, 0.86240005, 0.85679996, 0.8044001 , 0.7488    , 0.56079996,
 0.66639996, 0.7968    , 0.804     , 0.92200005, 0.8076    , 0.6792    ,
 0.7784    , 0.70519996, 0.736     , 0.8719999 , 0.9476    , 0.41680002,
 0.6588    , 0.7796    , 0.76879996, 0.4132    , 0.6828    , 0.73520005,
 0.55120003, 0.584     , 0.83360004, 0.8592    , 0.70960003, 0.5688    ,
 0.79160005, 0.73080003, 0.386     , 0.59800005, 0.40039998, 0.57      ,
 0.6428    , 0.818     , 0.7568    , 0.8284    , 0.82680005, 0.7468    ,
 0.65999997, 0.63679993, 0.6508    , 0.5644001 , 0.704     , 0.57519996,
 0.7352    , 0.6112    , 0.47439998, 0.77      , 0.954     , 0.592     ,
 0.6448    , 0.68399996, 0.4692    , 0.3436    , 0.6808    , 0.6724    ,
 0.7288    , 0.47320002, 0.5732    , 0.87600005, 0.8564    , 0.6932    ,
 0.4888    , 0.67640007, 0.8544    , 0.77400005, 0.62      , 0.60480005,
 0.8776    , 0.72720003, 0.73319995, 0.622     , 0.36760002, 0.7184    ,
 0.5016    , 0.66839993, 0.8320001 , 0.6484    , 0.5448    , 0.80799997,
 0.558     , 0.54399997, 0.764     , 0.5368    , 0.38799995, 0.38200003,
 0.31440002, 0.2832    , 0.65279996, 0.82280004, 0.44759998, 0.5612    ,
 0.76759994, 0.5668    , 0.52400005, 0.62160003, 0.4104    , 0.8764    ,
 0.6932    , 0.50960004, 0.54440004, 0.68439996, 0.8144    , 0.6608    ,
 0.6568    , 0.5768    , 0.42119998, 0.3012    , 0.5524    , 0.6436    ,
 0.38639998, 0.76879996, 0.57720006, 0.5844    , 0.57      , 0.49840003,
 0.7324    , 0.47559994, 0.4444    , 0.48200002, 0.71239996, 0.64320004,
 0.76960003, 0.68520004, 0.546     , 0.5928    , 0.41160002, 0.57      ,
 0.53639996, 0.586     , 0.8312    , 0.46760002, 0.5128    , 0.3564    ,
 0.53400004, 0.4828    , 0.35279998, 0.4248    , 0.8868    , 0.6508    ,
 0.58199996, 0.3256    , 0.4752    , 0.724     , 0.83959997, 0.4488    ,
 0.6448    , 0.84559995, 0.8612    , 0.4972    , 0.39000002, 0.3428    ,
 0.5876    , 0.46040002, 0.28079998, 0.64839995, 0.5948    , 0.41      ,
 0.6904    , 0.6156    , 0.2604    , 0.5556    , 0.6324    , 0.7192    ,
 0.52279997, 0.2564    , 0.4724    , 0.66920006, 0.78880006, 0.5568    ,
 0.52440006, 0.28079998, 0.8096    , 0.2504    , 0.45520002, 0.508     ,
 0.354     , 0.48400003, 0.5956    , 0.5796    , 0.5804    , 0.4104    ,
 0.7744    , 0.6908    , 0.706     , 0.42800003, 0.5648    , 0.56520003,
 0.32559997, 0.7004    , 0.8191999 , 0.4784    , 0.6736    , 0.658     ,
 0.7096001 , 0.3984    , 0.4276    , 0.6616    , 0.4388    , 0.4924    ,
 0.78440005, 0.4756    , 0.5524    , 0.45559996, 0.7308    , 0.78639996,
 0.46199998, 0.85879993, 0.42999998, 0.82      , 0.6792    , 0.4924    ,
 0.7752    , 0.3308    , 0.39639997, 0.42080003, 0.5008    , 0.7448    ,
 0.546     , 0.81479996, 0.8507999 , 0.398     , 0.6148    , 0.59040004,
 0.6732    , 0.7172    , 0.8552    , 0.6948    , 0.41920003, 0.6396    ,
 0.2992    , 0.59440005, 0.8268    , 0.728     , 0.7412    , 0.7012    ,
 0.72080004, 0.94200003, 0.68799996, 0.306     , 0.6356    , 0.7712    ,
 0.69799995, 0.68200004, 0.54840004, 0.79560006, 0.79120004, 0.66279995,
 0.892     , 0.61      , 0.5216    , 0.67399997, 0.67399997, 0.702     ,
 0.514     , 0.6972    , 0.3672    , 0.3088    , 0.6856    , 0.372     ,
 0.5624    , 0.49439996, 0.402     , 0.6332    , 0.666     , 0.5576    ,
 0.85960007, 0.6384    , 0.37960002, 0.586     , 0.53479993, 0.5696    ,
 0.176     , 0.47920004, 0.5184    , 0.7172    , 0.8392    , 0.69920003,
 0.64239997, 0.896     , 0.602     , 0.6668    , 0.664     , 0.778     ,
 0.8096    , 0.6612    , 0.73759997, 0.608     , 0.6668    , 0.6328    ,
 0.19559999, 0.47439998, 0.2112    , 0.7136    , 0.44640002, 0.2092    ,
 0.48000002, 0.8984    , 0.43559998, 0.6532    , 0.8368    , 0.62600005,
 0.6804    , 0.49199995, 0.478     , 0.2096    , 0.52199996, 0.49439996,
 0.5452    , 0.6584    , 0.2856    , 0.31399998, 0.84919995, 0.6128    ,
 0.7412    , 0.46679997, 0.54480004, 0.9224    , 0.74880004, 0.5392    ,
 0.45560002, 0.66719997, 0.3976    , 0.43039998, 0.54039997, 0.46479997,
 0.62399995, 0.4896    , 0.38480002, 0.2388    , 0.592     , 0.79480004,
 0.5084    , 0.8772    , 0.4968    , 0.3344    , 0.2908    , 0.50240004,
 0.60880005, 0.44959998, 0.854     , 0.80200005, 0.6888    , 0.6564    ,
 0.80120003, 0.2888    , 0.6516    , 0.3532    , 0.4408    , 0.5168    ,
 0.4976    , 0.818     , 0.5972    , 0.2976    , 0.71999997, 0.5248    ,
 0.754     , 0.92280006, 0.44360003, 0.7684    , 0.8592    , 0.2132    ,
 0.67719996, 0.406     , 0.372     , 0.60959995, 0.8084    , 0.5652    ,
 0.5352    , 0.54359996, 0.6184    , 0.7156    , 0.43520004, 0.8784    ,
 0.508     , 0.63600004, 0.7072    , 0.398     , 0.5028    , 0.6224    ,
 0.4968    , 0.572     , 0.39679998, 0.4816    , 0.4292    , 0.82      ,
 0.64      , 0.68      , 0.768     , 0.54760003, 0.4652    , 0.7604    ,
 0.6208    , 0.62439996, 0.7532    , 0.7348    , 0.7164    , 0.382     ,
 0.71000004, 0.8196    , 0.2892    , 0.4272    , 0.5976    , 0.374     ,
 0.758     , 0.3064    , 0.71360004, 0.55200005, 0.71360004, 0.552     ,
 0.7444    , 0.80320007, 0.2856    , 0.61160004, 0.40240002, 0.5552    ,
 0.33640003, 0.55359995, 0.8360001 , 0.4468    , 0.3296    , 0.59959996,
 0.5932    , 0.5956    , 0.662     , 0.6       , 0.4156    , 0.86800003,
 0.67800003, 0.686     , 0.5312    , 0.6472    , 0.5676    , 0.6492    ,
 0.4056    , 0.75479996, 0.3272    , 0.5548    , 0.698     , 0.4336    ,
 0.7656    , 0.6468    , 0.73080003, 0.6788    , 0.42440003, 0.4968    ,
 0.5592    , 0.4796    , 0.51680005, 0.5844    , 0.4468    , 0.85959995,
 0.73999995, 0.85880005, 0.1308    , 0.86079997, 0.2224    , 0.7556    ,
 0.59639996, 0.4612    , 0.6408    , 0.69799995, 0.49399996, 0.6704    ,
 0.412     , 0.6188    , 0.5036    , 0.7028    , 0.6368    , 0.566     ,
 0.5992    , 0.3692    , 0.87119997, 0.7756    , 0.8268    , 0.7844    ,
 0.41599998, 0.818     , 0.57760006, 0.6448    , 0.55280006, 0.398     ,
 0.31800002, 0.43400002, 0.758     , 0.23040001, 0.80560005, 0.656     ,
 0.7556    , 0.496     , 0.21039999, 0.5808    , 0.84159994, 0.7552    ,
 0.7344    , 0.49159998, 0.36799997, 0.66679996, 0.4684    , 0.38120002,
 0.5116    , 0.7904    , 0.3696    , 0.69439995, 0.7952    , 0.58640003,
 0.4996    , 0.5488    , 0.1736    , 0.23959999, 0.2352    , 0.49519998,
 0.672     , 0.2932    , 0.5148    , 0.6204    , 0.49879998, 0.40959996,
 0.5136    , 0.64      , 0.2412    , 0.65559995, 0.7664    , 0.4608    ,
 0.6824    , 0.76000005, 0.7528    , 0.554     , 0.49      , 0.53440005,
 0.65080005, 0.5352    , 0.2892    , 0.47919998, 0.5544    , 0.8556    ,
 0.44239998, 0.4572    , 0.6688    , 0.6252    , 0.3808    , 0.5068    ,
 0.63640004, 0.66719997, 0.5556    , 0.85760003, 0.886     , 0.5276    ,
 0.2696    , 0.64360005, 0.6648    , 0.51559997, 0.6472    , 0.60639995,
 0.59639996, 0.38719997, 0.67719996, 0.10959999, 0.80319995, 0.46280003,
 0.7284    , 0.5564    , 0.7948    , 0.578     , 0.552     , 0.42599997,
 0.55439997, 0.6604    , 0.684     , 0.6884    , 0.42840004, 0.17      ,
 0.8984    , 0.5552    , 0.552     , 0.7028    , 0.5972    , 0.4436    ,
 0.28079998, 0.35639998, 0.47439998, 0.35680002, 0.4376    , 0.31440002,
 0.64559996, 0.656     , 0.6512    , 0.8352    , 0.90080005, 0.6152    ,
 0.7648    , 0.6656    , 0.7224    , 0.42360002, 0.74279994, 0.30440003,
 0.642     , 0.4932    , 0.6056    , 0.854     , 0.47159997, 0.52639997,
 0.51      , 0.53239995, 0.6548    , 0.7804    , 0.6364    , 0.4808    ,
 0.7596    , 0.84440005, 0.7808    , 0.6064    , 0.62      , 0.63839996,
 0.60359997, 0.554     , 0.73560005, 0.774     , 0.84160006, 0.3724    ,
 0.78880006, 0.566     , 0.6448    , 0.7012    , 0.7156    , 0.7924    ,
 0.7372    , 0.8604    , 0.7968    , 0.7528    , 0.73319995, 0.8236    ,
 0.41360003, 0.25800002, 0.5396    , 0.6488    , 0.528     , 0.6044    ,
 0.5484    , 0.5616    , 0.308     , 0.3084    , 0.4808    , 0.6896    ,
 0.504     , 0.63679993, 0.8028    , 0.3788    , 0.42119998, 0.49879998,
 0.33400002, 0.6592    , 0.654     , 0.6984    , 0.5964    , 0.7788    ,
 0.92679995, 0.9388    , 0.98800004, 0.43399996, 0.8044001 , 0.80319995,
 0.78959996, 0.89919996, 0.79080003, 0.9184    , 0.73719996, 0.93920004,
 0.7604    , 0.6028    , 0.42799997, 0.31520003]